Sender: LSF System <lsfadmin@polus-c3-ib.bmc.hpc.cs.msu.ru>
Subject: Job 1286438: <mpiexec -n 1 ./main_mpi_simple_5000_5000> in cluster <MSUCluster> Exited

Job <mpiexec -n 1 ./main_mpi_simple_5000_5000> was submitted from host <polus-ib.bmc.hpc.cs.msu.ru> by user <edu-cmc-skmodel24-619-07> in cluster <MSUCluster> at Thu Dec 19 14:35:29 2024
Job was executed on host(s) <polus-c3-ib.bmc.hpc.cs.msu.ru>, in queue <short>, as user <edu-cmc-skmodel24-619-07> in cluster <MSUCluster> at Thu Dec 19 14:41:41 2024
</home_edu/edu-cmc-skmodel24-619/edu-cmc-skmodel24-619-07> was used as the home directory.
</home_edu/edu-cmc-skmodel24-619/edu-cmc-skmodel24-619-07> was used as the working directory.
Started at Thu Dec 19 14:41:41 2024
Terminated at Thu Dec 19 15:11:52 2024
Results reported at Thu Dec 19 15:11:52 2024

Your job looked like:

------------------------------------------------------------
# LSBATCH: User input
mpiexec -n 1 ./main_mpi_simple_5000_5000
------------------------------------------------------------

TERM_RUNLIMIT: job killed after reaching LSF run time limit.
Exited with exit code 140.

Resource usage summary:

    CPU time :                                   1801.00 sec.
    Max Memory :                                 1238 MB
    Average Memory :                             1218.09 MB
    Total Requested Memory :                     -
    Delta Memory :                               -
    Max Swap :                                   -
    Max Processes :                              5
    Max Threads :                                12
    Run time :                                   1811 sec.
    Turnaround time :                            2183 sec.

The output (if any) follows:

0 1
1 5.444199e-10 2.969934e-10
2 3.744846e-12 2.303188e-14
3 1.664662e-12 1.895163e-14
4 1.127693e-12 1.903176e-14
5 8.303141e-13 1.734832e-14
6 6.924480e-13 1.816370e-14
7 5.649719e-13 1.694111e-14
8 5.015839e-13 1.788777e-14
9 4.271401e-13 1.678228e-14
10 3.913573e-13 1.776446e-14
11 3.416002e-13 1.670380e-14
12 3.192369e-13 1.769908e-14
13 2.832917e-13 1.665993e-14
14 2.684538e-13 1.766116e-14
15 2.411187e-13 1.663382e-14
16 2.308994e-13 1.763823e-14
17 2.093323e-13 1.661789e-14
18 2.021309e-13 1.762425e-14
19 1.846325e-13 1.660829e-14
20 1.794966e-13 1.761599e-14
21 1.649820e-13 1.660281e-14
22 1.613114e-13 1.761155e-14
23 1.490526e-13 1.660013e-14
24 1.464515e-13 1.760973e-14
25 1.359404e-13 1.659940e-14
26 1.341384e-13 1.760974e-14
27 1.250088e-13 1.660003e-14
28 1.238156e-13 1.761104e-14
29 1.157966e-13 1.660161e-14
30 1.150749e-13 1.761322e-14
31 1.079615e-13 1.660385e-14
32 1.076101e-13 1.761601e-14
33 1.012441e-13 1.660652e-14
34 1.011872e-13 1.761919e-14
35 9.544472e-14 1.660946e-14
36 9.562441e-14 1.762260e-14
37 9.040680e-14 1.661254e-14
38 9.077833e-14 1.762609e-14
39 8.600619e-14 1.661566e-14
40 8.653455e-14 1.762959e-14
41 8.214320e-14 1.661874e-14
42 8.280066e-14 1.763302e-14
43 7.873690e-14 1.662174e-14
44 7.950130e-14 1.763632e-14
45 7.572099e-14 1.662459e-14
46 7.657447e-14 1.763945e-14
47 7.304068e-14 1.662729e-14
48 7.396871e-14 1.764238e-14
49 7.065035e-14 1.662981e-14
50 7.164105e-14 1.764511e-14
51 6.851176e-14 1.663213e-14
52 6.955533e-14 1.764761e-14
53 6.659262e-14 1.663425e-14
54 6.768095e-14 1.764988e-14
55 6.486557e-14 1.663617e-14
56 6.599189e-14 1.765193e-14
57 6.330725e-14 1.663789e-14
58 6.446590e-14 1.765376e-14
59 6.189765e-14 1.663941e-14
60 6.308388e-14 1.765537e-14
61 6.061955e-14 1.664075e-14
62 6.182933e-14 1.765677e-14
63 5.945806e-14 1.664192e-14
64 6.068799e-14 1.765799e-14
65 5.840026e-14 1.664291e-14
66 5.964745e-14 1.765902e-14
67 5.743492e-14 1.664375e-14
68 5.869692e-14 1.765988e-14
69 5.655223e-14 1.664444e-14
70 5.782692e-14 1.766058e-14
71 5.574358e-14 1.664500e-14
72 5.702916e-14 1.766113e-14
73 5.500143e-14 1.664543e-14
74 5.629635e-14 1.766155e-14
75 5.431911e-14 1.664575e-14
76 5.562204e-14 1.766185e-14
77 5.369076e-14 1.664596e-14
78 5.500055e-14 1.766204e-14
79 5.311117e-14 1.664608e-14
80 5.442683e-14 1.766212e-14
81 5.257572e-14 1.664611e-14
82 5.389640e-14 1.766211e-14
83 5.208030e-14 1.664607e-14
84 5.340526e-14 1.766202e-14
85 5.162127e-14 1.664595e-14
86 5.294985e-14 1.766186e-14
87 5.119534e-14 1.664577e-14
88 5.252700e-14 1.766162e-14
89 5.079959e-14 1.664554e-14
90 5.213384e-14 1.766133e-14
91 5.043141e-14 1.664525e-14
92 5.176782e-14 1.766098e-14
93 5.008843e-14 1.664493e-14
94 5.142664e-14 1.766059e-14
95 4.976853e-14 1.664456e-14
96 5.110823e-14 1.766015e-14
97 4.946980e-14 1.664415e-14
98 5.081071e-14 1.765968e-14
99 4.919052e-14 1.664372e-14
100 5.053240e-14 1.765918e-14
101 4.892913e-14 1.664326e-14
102 5.027176e-14 1.765865e-14
103 4.868422e-14 1.664278e-14
104 5.002742e-14 1.765809e-14
105 4.845449e-14 1.664227e-14
106 4.979811e-14 1.765751e-14
107 4.823880e-14 1.664175e-14
108 4.958269e-14 1.765692e-14
109 4.803607e-14 1.664122e-14
110 4.938012e-14 1.765631e-14
111 4.784535e-14 1.664067e-14
112 4.918945e-14 1.765569e-14
113 4.766575e-14 1.664011e-14
114 4.900981e-14 1.765506e-14
115 4.749646e-14 1.663955e-14
116 4.884042e-14 1.765442e-14
117 4.733676e-14 1.663898e-14
118 4.868054e-14 1.765377e-14
119 4.718597e-14 1.663840e-14
120 4.852951e-14 1.765312e-14
121 4.704347e-14 1.663782e-14
122 4.838673e-14 1.765247e-14
123 4.690870e-14 1.663724e-14
124 4.825163e-14 1.765181e-14
125 4.678113e-14 1.663666e-14
126 4.812369e-14 1.765115e-14
127 4.666028e-14 1.663607e-14
128 4.800245e-14 1.765050e-14
129 4.654572e-14 1.663549e-14
130 4.788747e-14 1.764984e-14
131 4.643703e-14 1.663491e-14
132 4.777835e-14 1.764919e-14
133 4.633384e-14 1.663433e-14
134 4.767470e-14 1.764854e-14
135 4.623580e-14 1.663375e-14
136 4.757620e-14 1.764789e-14
137 4.614260e-14 1.663318e-14
138 4.748252e-14 1.764725e-14
139 4.605393e-14 1.663261e-14
140 4.739336e-14 1.764661e-14
141 4.596951e-14 1.663205e-14
142 4.730846e-14 1.764598e-14
143 4.588910e-14 1.663149e-14
144 4.722755e-14 1.764535e-14
145 4.581246e-14 1.663094e-14
146 4.715041e-14 1.764473e-14
147 4.573935e-14 1.663039e-14
148 4.707681e-14 1.764412e-14
149 4.566959e-14 1.662984e-14
150 4.700655e-14 1.764351e-14
151 4.560298e-14 1.662930e-14
152 4.693944e-14 1.764291e-14
153 4.553933e-14 1.662877e-14
154 4.687530e-14 1.764231e-14
155 4.547849e-14 1.662824e-14
156 4.681397e-14 1.764172e-14
157 4.542030e-14 1.662772e-14
158 4.675530e-14 1.764114e-14
159 4.536461e-14 1.662721e-14
160 4.669913e-14 1.764056e-14
161 4.531130e-14 1.662670e-14
162 4.664534e-14 1.763999e-14
163 4.526022e-14 1.662620e-14
164 4.659380e-14 1.763943e-14
165 4.521127e-14 1.662570e-14
166 4.654439e-14 1.763888e-14
167 4.516433e-14 1.662521e-14
168 4.649700e-14 1.763833e-14
169 4.511931e-14 1.662473e-14
170 4.645152e-14 1.763779e-14
171 4.507609e-14 1.662425e-14
172 4.640787e-14 1.763726e-14
173 4.503459e-14 1.662378e-14
174 4.636594e-14 1.763673e-14
175 4.499473e-14 1.662332e-14
176 4.632565e-14 1.763621e-14
177 4.495642e-14 1.662286e-14
178 4.628692e-14 1.763570e-14
179 4.491959e-14 1.662241e-14
180 4.624968e-14 1.763520e-14
181 4.488417e-14 1.662197e-14
182 4.621385e-14 1.763470e-14
183 4.485008e-14 1.662153e-14
184 4.617937e-14 1.763421e-14
185 4.481727e-14 1.662109e-14
186 4.614617e-14 1.763372e-14
187 4.478567e-14 1.662067e-14
188 4.611419e-14 1.763325e-14
189 4.475523e-14 1.662024e-14
190 4.608337e-14 1.763277e-14
191 4.472589e-14 1.661983e-14
192 4.605367e-14 1.763231e-14
193 4.469761e-14 1.661942e-14
194 4.602503e-14 1.763185e-14
195 4.467033e-14 1.661902e-14
196 4.599740e-14 1.763140e-14
197 4.464402e-14 1.661862e-14
198 4.597074e-14 1.763096e-14
199 4.461862e-14 1.661823e-14
200 4.594501e-14 1.763052e-14
201 4.459410e-14 1.661784e-14
202 4.592016e-14 1.763009e-14
203 4.457042e-14 1.661746e-14
204 4.589616e-14 1.762966e-14
205 4.454755e-14 1.661708e-14
206 4.587296e-14 1.762924e-14
207 4.452544e-14 1.661671e-14
208 4.585055e-14 1.762883e-14
209 4.450407e-14 1.661635e-14
210 4.582887e-14 1.762842e-14
211 4.448341e-14 1.661599e-14
212 4.580791e-14 1.762802e-14
213 4.446342e-14 1.661563e-14
214 4.578763e-14 1.762762e-14
215 4.444408e-14 1.661528e-14
216 4.576801e-14 1.762723e-14
217 4.442536e-14 1.661494e-14
218 4.574901e-14 1.762685e-14
219 4.440724e-14 1.661460e-14
220 4.573061e-14 1.762647e-14
221 4.438969e-14 1.661426e-14
222 4.571280e-14 1.762609e-14
223 4.437269e-14 1.661393e-14
224 4.569553e-14 1.762572e-14
225 4.435622e-14 1.661361e-14
226 4.567881e-14 1.762536e-14
227 4.434026e-14 1.661329e-14
228 4.566259e-14 1.762500e-14
229 4.432478e-14 1.661297e-14
230 4.564687e-14 1.762465e-14
231 4.430977e-14 1.661266e-14
232 4.563162e-14 1.762430e-14
233 4.429521e-14 1.661235e-14
234 4.561682e-14 1.762395e-14
235 4.428109e-14 1.661205e-14
236 4.560247e-14 1.762361e-14
237 4.426738e-14 1.661175e-14
238 4.558853e-14 1.762328e-14
239 4.425408e-14 1.661145e-14
240 4.557501e-14 1.762295e-14
241 4.424116e-14 1.661116e-14
242 4.556187e-14 1.762263e-14
243 4.422862e-14 1.661088e-14
244 4.554911e-14 1.762231e-14
245 4.421643e-14 1.661059e-14
246 4.553672e-14 1.762199e-14
247 4.420459e-14 1.661031e-14
248 4.552467e-14 1.762168e-14
249 4.419308e-14 1.661004e-14
250 4.551296e-14 1.762137e-14
251 4.418190e-14 1.660977e-14
252 4.550158e-14 1.762107e-14
253 4.417102e-14 1.660950e-14
254 4.549051e-14 1.762077e-14
255 4.416045e-14 1.660924e-14
256 4.547975e-14 1.762047e-14
257 4.415016e-14 1.660898e-14
258 4.546928e-14 1.762018e-14
259 4.414015e-14 1.660872e-14
260 4.545909e-14 1.761989e-14
261 4.413041e-14 1.660847e-14
262 4.544917e-14 1.761961e-14
263 4.412094e-14 1.660822e-14
264 4.543952e-14 1.761933e-14
265 4.411171e-14 1.660797e-14
266 4.543012e-14 1.761906e-14
267 4.410272e-14 1.660773e-14
268 4.542097e-14 1.761878e-14
269 4.409397e-14 1.660749e-14
270 4.541205e-14 1.761851e-14
271 4.408545e-14 1.660725e-14
272 4.540337e-14 1.761825e-14
273 4.407715e-14 1.660701e-14
274 4.539491e-14 1.761799e-14
275 4.406906e-14 1.660678e-14
276 4.538666e-14 1.761773e-14
277 4.406117e-14 1.660656e-14
278 4.537863e-14 1.761748e-14
279 4.405348e-14 1.660633e-14
280 4.537079e-14 1.761723e-14
281 4.404599e-14 1.660611e-14
282 4.536315e-14 1.761698e-14
283 4.403868e-14 1.660589e-14
284 4.535570e-14 1.761673e-14
285 4.403155e-14 1.660568e-14
286 4.534843e-14 1.761649e-14
287 4.402460e-14 1.660546e-14
288 4.534134e-14 1.761625e-14
289 4.401782e-14 1.660525e-14
290 4.533442e-14 1.761602e-14
291 4.401120e-14 1.660504e-14
292 4.532766e-14 1.761579e-14
293 4.400473e-14 1.660484e-14
294 4.532107e-14 1.761556e-14
295 4.399843e-14 1.660464e-14
296 4.531464e-14 1.761533e-14
297 4.399227e-14 1.660444e-14
298 4.530835e-14 1.761511e-14
299 4.398626e-14 1.660424e-14
300 4.530222e-14 1.761489e-14
301 4.398039e-14 1.660405e-14
302 4.529623e-14 1.761467e-14
303 4.397465e-14 1.660385e-14
304 4.529037e-14 1.761445e-14
305 4.396905e-14 1.660366e-14
306 4.528465e-14 1.761424e-14
307 4.396357e-14 1.660348e-14
308 4.527906e-14 1.761403e-14
309 4.395822e-14 1.660329e-14
310 4.527360e-14 1.761382e-14
311 4.395299e-14 1.660311e-14
312 4.526826e-14 1.761362e-14
313 4.394788e-14 1.660293e-14
314 4.526304e-14 1.761342e-14
315 4.394289e-14 1.660275e-14
316 4.525793e-14 1.761322e-14
317 4.393800e-14 1.660257e-14
318 4.525294e-14 1.761302e-14
319 4.393322e-14 1.660240e-14
320 4.524806e-14 1.761283e-14
321 4.392855e-14 1.660223e-14
322 4.524329e-14 1.761264e-14
323 4.392397e-14 1.660206e-14
324 4.523861e-14 1.761245e-14
325 4.391950e-14 1.660189e-14
326 4.523404e-14 1.761226e-14
327 4.391512e-14 1.660172e-14
328 4.522957e-14 1.761207e-14
329 4.391084e-14 1.660156e-14
330 4.522519e-14 1.761189e-14
331 4.390665e-14 1.660140e-14
332 4.522091e-14 1.761171e-14
333 4.390255e-14 1.660124e-14
334 4.521671e-14 1.761153e-14
335 4.389853e-14 1.660108e-14
336 4.521261e-14 1.761135e-14
337 4.389459e-14 1.660093e-14
338 4.520858e-14 1.761118e-14
339 4.389074e-14 1.660077e-14
340 4.520464e-14 1.761101e-14
341 4.388697e-14 1.660062e-14
342 4.520079e-14 1.761084e-14
343 4.388327e-14 1.660047e-14
344 4.519701e-14 1.761067e-14
345 4.387965e-14 1.660032e-14
346 4.519330e-14 1.761050e-14
347 4.387611e-14 1.660017e-14
348 4.518968e-14 1.761034e-14
349 4.387263e-14 1.660003e-14
350 4.518612e-14 1.761018e-14
351 4.386923e-14 1.659989e-14
352 4.518264e-14 1.761002e-14
353 4.386589e-14 1.659974e-14
354 4.517922e-14 1.760986e-14
355 4.386262e-14 1.659960e-14
356 4.517587e-14 1.760970e-14
357 4.385941e-14 1.659947e-14
358 4.517259e-14 1.760954e-14
359 4.385626e-14 1.659933e-14
360 4.516937e-14 1.760939e-14
361 4.385318e-14 1.659919e-14
362 4.516621e-14 1.760924e-14
363 4.385016e-14 1.659906e-14
364 4.516312e-14 1.760909e-14
365 4.384719e-14 1.659893e-14
366 4.516008e-14 1.760894e-14
367 4.384428e-14 1.659880e-14
368 4.515710e-14 1.760880e-14
369 4.384143e-14 1.659867e-14
370 4.515418e-14 1.760865e-14
371 4.383863e-14 1.659854e-14
372 4.515132e-14 1.760851e-14
373 4.383588e-14 1.659841e-14
374 4.514850e-14 1.760837e-14
375 4.383318e-14 1.659829e-14
376 4.514574e-14 1.760823e-14
377 4.383054e-14 1.659816e-14
378 4.514303e-14 1.760809e-14
379 4.382794e-14 1.659804e-14
380 4.514037e-14 1.760795e-14
381 4.382539e-14 1.659792e-14
382 4.513776e-14 1.760782e-14
383 4.382289e-14 1.659780e-14
384 4.513520e-14 1.760768e-14
385 4.382043e-14 1.659768e-14
386 4.513268e-14 1.760755e-14
387 4.381802e-14 1.659757e-14
388 4.513021e-14 1.760742e-14
389 4.381565e-14 1.659745e-14
390 4.512778e-14 1.760729e-14
391 4.381333e-14 1.659734e-14
392 4.512540e-14 1.760716e-14
393 4.381104e-14 1.659722e-14
394 4.512305e-14 1.760704e-14
395 4.380880e-14 1.659711e-14
396 4.512075e-14 1.760691e-14
397 4.380659e-14 1.659700e-14
398 4.511849e-14 1.760679e-14
399 4.380442e-14 1.659689e-14
400 4.511627e-14 1.760666e-14
401 4.380230e-14 1.659678e-14
402 4.511409e-14 1.760654e-14
403 4.380020e-14 1.659668e-14
404 4.511195e-14 1.760642e-14
405 4.379815e-14 1.659657e-14
406 4.510984e-14 1.760630e-14
407 4.379613e-14 1.659647e-14
408 4.510777e-14 1.760619e-14
409 4.379414e-14 1.659636e-14
410 4.510573e-14 1.760607e-14
411 4.379219e-14 1.659626e-14
412 4.510373e-14 1.760596e-14
413 4.379027e-14 1.659616e-14
414 4.510176e-14 1.760584e-14
415 4.378838e-14 1.659606e-14
416 4.509982e-14 1.760573e-14
417 4.378653e-14 1.659596e-14
418 4.509792e-14 1.760562e-14
419 4.378470e-14 1.659586e-14
420 4.509605e-14 1.760551e-14
421 4.378291e-14 1.659576e-14
422 4.509421e-14 1.760540e-14
423 4.378114e-14 1.659566e-14
424 4.509240e-14 1.760529e-14
425 4.377941e-14 1.659557e-14
426 4.509062e-14 1.760518e-14
427 4.377770e-14 1.659547e-14
428 4.508887e-14 1.760508e-14
429 4.377602e-14 1.659538e-14
430 4.508714e-14 1.760497e-14
431 4.377437e-14 1.659529e-14
432 4.508545e-14 1.760487e-14
433 4.377274e-14 1.659520e-14
434 4.508378e-14 1.760477e-14
435 4.377114e-14 1.659511e-14
436 4.508214e-14 1.760467e-14
437 4.376957e-14 1.659502e-14
438 4.508052e-14 1.760457e-14
439 4.376802e-14 1.659493e-14
440 4.507893e-14 1.760447e-14
441 4.376649e-14 1.659484e-14
442 4.507736e-14 1.760437e-14
443 4.376499e-14 1.659475e-14
444 4.507582e-14 1.760427e-14
445 4.376352e-14 1.659467e-14
446 4.507431e-14 1.760417e-14
447 4.376206e-14 1.659458e-14
448 4.507281e-14 1.760408e-14
449 4.376063e-14 1.659450e-14
450 4.507134e-14 1.760398e-14
451 4.375922e-14 1.659441e-14
452 4.506989e-14 1.760389e-14
453 4.375783e-14 1.659433e-14
454 4.506847e-14 1.760380e-14
455 4.375646e-14 1.659425e-14
456 4.506706e-14 1.760371e-14
457 4.375512e-14 1.659417e-14
458 4.506568e-14 1.760361e-14
459 4.375379e-14 1.659409e-14
460 4.506432e-14 1.760352e-14
461 4.375248e-14 1.659401e-14
462 4.506298e-14 1.760344e-14
463 4.375120e-14 1.659393e-14
464 4.506165e-14 1.760335e-14
465 4.374993e-14 1.659385e-14
466 4.506035e-14 1.760326e-14
467 4.374868e-14 1.659377e-14
468 4.505907e-14 1.760317e-14
469 4.374745e-14 1.659370e-14
470 4.505780e-14 1.760309e-14
471 4.374624e-14 1.659362e-14
472 4.505656e-14 1.760300e-14
473 4.374504e-14 1.659355e-14
474 4.505533e-14 1.760292e-14
475 4.374387e-14 1.659347e-14
476 4.505412e-14 1.760283e-14
477 4.374271e-14 1.659340e-14
478 4.505293e-14 1.760275e-14
479 4.374156e-14 1.659332e-14
480 4.505175e-14 1.760267e-14
481 4.374044e-14 1.659325e-14
482 4.505059e-14 1.760259e-14
483 4.373932e-14 1.659318e-14
484 4.504945e-14 1.760251e-14
485 4.373823e-14 1.659311e-14
486 4.504833e-14 1.760243e-14
487 4.373715e-14 1.659304e-14
488 4.504722e-14 1.760235e-14
489 4.373609e-14 1.659297e-14
490 4.504612e-14 1.760227e-14
491 4.373504e-14 1.659290e-14
492 4.504504e-14 1.760219e-14
493 4.373400e-14 1.659283e-14
494 4.504398e-14 1.760212e-14
495 4.373298e-14 1.659276e-14
496 4.504293e-14 1.760204e-14
497 4.373197e-14 1.659270e-14
498 4.504190e-14 1.760197e-14
499 4.373098e-14 1.659263e-14
500 4.504088e-14 1.760189e-14
501 4.373000e-14 1.659256e-14
502 4.503987e-14 1.760182e-14
503 4.372904e-14 1.659250e-14
504 4.503888e-14 1.760175e-14
505 4.372809e-14 1.659243e-14
506 4.503790e-14 1.760167e-14
507 4.372715e-14 1.659237e-14
508 4.503693e-14 1.760160e-14
509 4.372622e-14 1.659231e-14
510 4.503598e-14 1.760153e-14
511 4.372531e-14 1.659224e-14
512 4.503504e-14 1.760146e-14
513 4.372441e-14 1.659218e-14
514 4.503411e-14 1.760139e-14
515 4.372352e-14 1.659212e-14
516 4.503320e-14 1.760132e-14
517 4.372264e-14 1.659206e-14
518 4.503229e-14 1.760125e-14
519 4.372177e-14 1.659200e-14
520 4.503140e-14 1.760118e-14
521 4.372092e-14 1.659194e-14
522 4.503052e-14 1.760111e-14
523 4.372007e-14 1.659188e-14
524 4.502965e-14 1.760105e-14
525 4.371924e-14 1.659182e-14
526 4.502880e-14 1.760098e-14
527 4.371842e-14 1.659176e-14
528 4.502795e-14 1.760092e-14
529 4.371761e-14 1.659170e-14
530 4.502712e-14 1.760085e-14
531 4.371681e-14 1.659164e-14
532 4.502629e-14 1.760079e-14
533 4.371602e-14 1.659158e-14
534 4.502548e-14 1.760072e-14
535 4.371523e-14 1.659153e-14
536 4.502467e-14 1.760066e-14
537 4.371446e-14 1.659147e-14
538 4.502388e-14 1.760060e-14
539 4.371370e-14 1.659142e-14
540 4.502310e-14 1.760053e-14
541 4.371295e-14 1.659136e-14
542 4.502233e-14 1.760047e-14
543 4.371221e-14 1.659131e-14
544 4.502156e-14 1.760041e-14
545 4.371148e-14 1.659125e-14
546 4.502081e-14 1.760035e-14
547 4.371076e-14 1.659120e-14
548 4.502006e-14 1.760029e-14
549 4.371004e-14 1.659114e-14
550 4.501933e-14 1.760023e-14
551 4.370934e-14 1.659109e-14
552 4.501860e-14 1.760017e-14
553 4.370864e-14 1.659104e-14
554 4.501788e-14 1.760011e-14
555 4.370795e-14 1.659099e-14
556 4.501718e-14 1.760005e-14
557 4.370727e-14 1.659093e-14
558 4.501648e-14 1.759999e-14
559 4.370660e-14 1.659088e-14
560 4.501578e-14 1.759994e-14
561 4.370594e-14 1.659083e-14
562 4.501510e-14 1.759988e-14
563 4.370528e-14 1.659078e-14
564 4.501443e-14 1.759982e-14
565 4.370463e-14 1.659073e-14
566 4.501376e-14 1.759977e-14
567 4.370399e-14 1.659068e-14
568 4.501310e-14 1.759971e-14
569 4.370336e-14 1.659063e-14
570 4.501245e-14 1.759966e-14
571 4.370274e-14 1.659058e-14
572 4.501181e-14 1.759960e-14
573 4.370212e-14 1.659054e-14
574 4.501117e-14 1.759955e-14
575 4.370151e-14 1.659049e-14
576 4.501054e-14 1.759949e-14
577 4.370091e-14 1.659044e-14
578 4.500992e-14 1.759944e-14
579 4.370031e-14 1.659039e-14
580 4.500931e-14 1.759939e-14
581 4.369972e-14 1.659035e-14
582 4.500870e-14 1.759933e-14
583 4.369914e-14 1.659030e-14
584 4.500810e-14 1.759928e-14
585 4.369857e-14 1.659025e-14
586 4.500751e-14 1.759923e-14
587 4.369800e-14 1.659021e-14
588 4.500692e-14 1.759918e-14
589 4.369744e-14 1.659016e-14
590 4.500634e-14 1.759913e-14
591 4.369688e-14 1.659012e-14
592 4.500577e-14 1.759908e-14
593 4.369633e-14 1.659007e-14
594 4.500520e-14 1.759903e-14
595 4.369579e-14 1.659003e-14
596 4.500464e-14 1.759898e-14
597 4.369525e-14 1.658998e-14
598 4.500409e-14 1.759893e-14
599 4.369472e-14 1.658994e-14
600 4.500354e-14 1.759888e-14
601 4.369420e-14 1.658990e-14
602 4.500300e-14 1.759883e-14
603 4.369368e-14 1.658985e-14
604 4.500247e-14 1.759878e-14
605 4.369317e-14 1.658981e-14
606 4.500194e-14 1.759873e-14
607 4.369266e-14 1.658977e-14
608 4.500142e-14 1.759869e-14
609 4.369216e-14 1.658973e-14
610 4.500090e-14 1.759864e-14
611 4.369166e-14 1.658968e-14
612 4.500039e-14 1.759859e-14
613 4.369117e-14 1.658964e-14
614 4.499988e-14 1.759855e-14
615 4.369068e-14 1.658960e-14
616 4.499938e-14 1.759850e-14
617 4.369020e-14 1.658956e-14
618 4.499889e-14 1.759845e-14
619 4.368973e-14 1.658952e-14
620 4.499840e-14 1.759841e-14
621 4.368926e-14 1.658948e-14
622 4.499791e-14 1.759836e-14
623 4.368879e-14 1.658944e-14
624 4.499743e-14 1.759832e-14
625 4.368833e-14 1.658940e-14
626 4.499696e-14 1.759827e-14
627 4.368788e-14 1.658936e-14
628 4.499649e-14 1.759823e-14
629 4.368743e-14 1.658932e-14
630 4.499602e-14 1.759819e-14
631 4.368698e-14 1.658928e-14
632 4.499556e-14 1.759814e-14
633 4.368654e-14 1.658925e-14
634 4.499511e-14 1.759810e-14
635 4.368611e-14 1.658921e-14
636 4.499466e-14 1.759806e-14
637 4.368568e-14 1.658917e-14
638 4.499422e-14 1.759801e-14
639 4.368525e-14 1.658913e-14
640 4.499378e-14 1.759797e-14
641 4.368483e-14 1.658909e-14
642 4.499334e-14 1.759793e-14
643 4.368441e-14 1.658906e-14
644 4.499291e-14 1.759789e-14
645 4.368400e-14 1.658902e-14
646 4.499248e-14 1.759785e-14
647 4.368359e-14 1.658898e-14
648 4.499206e-14 1.759781e-14
649 4.368318e-14 1.658895e-14
650 4.499164e-14 1.759777e-14
651 4.368278e-14 1.658891e-14
652 4.499123e-14 1.759773e-14
653 4.368238e-14 1.658888e-14
654 4.499082e-14 1.759768e-14
655 4.368199e-14 1.658884e-14
656 4.499041e-14 1.759765e-14
657 4.368160e-14 1.658880e-14
658 4.499001e-14 1.759761e-14
659 4.368122e-14 1.658877e-14
660 4.498961e-14 1.759757e-14
661 4.368084e-14 1.658873e-14
662 4.498922e-14 1.759753e-14
663 4.368046e-14 1.658870e-14
664 4.498883e-14 1.759749e-14
665 4.368009e-14 1.658867e-14
666 4.498845e-14 1.759745e-14
667 4.367972e-14 1.658863e-14
668 4.498806e-14 1.759741e-14
669 4.367935e-14 1.658860e-14
670 4.498769e-14 1.759737e-14
671 4.367899e-14 1.658856e-14
672 4.498731e-14 1.759734e-14
673 4.367863e-14 1.658853e-14
674 4.498694e-14 1.759730e-14
675 4.367827e-14 1.658850e-14
676 4.498658e-14 1.759726e-14
677 4.367792e-14 1.658846e-14
678 4.498621e-14 1.759722e-14
679 4.367757e-14 1.658843e-14
680 4.498585e-14 1.759719e-14
681 4.367723e-14 1.658840e-14
682 4.498550e-14 1.759715e-14
683 4.367689e-14 1.658837e-14
684 4.498514e-14 1.759711e-14
685 4.367655e-14 1.658834e-14
686 4.498479e-14 1.759708e-14
687 4.367621e-14 1.658830e-14
688 4.498445e-14 1.759704e-14
689 4.367588e-14 1.658827e-14
690 4.498411e-14 1.759701e-14
691 4.367555e-14 1.658824e-14
692 4.498377e-14 1.759697e-14
693 4.367523e-14 1.658821e-14
694 4.498343e-14 1.759694e-14
695 4.367491e-14 1.658818e-14
696 4.498310e-14 1.759690e-14
697 4.367459e-14 1.658815e-14
698 4.498277e-14 1.759687e-14
699 4.367427e-14 1.658812e-14
700 4.498244e-14 1.759683e-14
701 4.367396e-14 1.658809e-14
702 4.498212e-14 1.759680e-14
703 4.367365e-14 1.658806e-14
704 4.498180e-14 1.759677e-14
705 4.367334e-14 1.658803e-14
706 4.498148e-14 1.759673e-14
707 4.367304e-14 1.658800e-14
708 4.498116e-14 1.759670e-14
709 4.367273e-14 1.658797e-14
710 4.498085e-14 1.759667e-14
711 4.367243e-14 1.658794e-14
712 4.498054e-14 1.759663e-14
713 4.367214e-14 1.658791e-14
714 4.498024e-14 1.759660e-14
715 4.367184e-14 1.658788e-14
716 4.497993e-14 1.759657e-14
717 4.367155e-14 1.658785e-14
718 4.497963e-14 1.759653e-14
719 4.367127e-14 1.658782e-14
720 4.497934e-14 1.759650e-14
721 4.367098e-14 1.658779e-14
722 4.497904e-14 1.759647e-14
723 4.367070e-14 1.658776e-14
724 4.497875e-14 1.759644e-14
725 4.367042e-14 1.658774e-14
726 4.497846e-14 1.759641e-14
727 4.367014e-14 1.658771e-14
728 4.497817e-14 1.759638e-14
729 4.366986e-14 1.658768e-14
730 4.497789e-14 1.759634e-14
731 4.366959e-14 1.658765e-14
732 4.497760e-14 1.759631e-14
733 4.366932e-14 1.658762e-14
734 4.497732e-14 1.759628e-14
735 4.366905e-14 1.658760e-14
736 4.497705e-14 1.759625e-14
737 4.366879e-14 1.658757e-14
738 4.497677e-14 1.759622e-14
739 4.366852e-14 1.658754e-14
740 4.497650e-14 1.759619e-14
741 4.366826e-14 1.658752e-14
742 4.497623e-14 1.759616e-14
743 4.366800e-14 1.658749e-14
744 4.497596e-14 1.759613e-14
745 4.366775e-14 1.658746e-14
746 4.497570e-14 1.759610e-14
747 4.366749e-14 1.658744e-14
748 4.497544e-14 1.759607e-14
749 4.366724e-14 1.658741e-14
750 4.497517e-14 1.759604e-14
751 4.366699e-14 1.658739e-14
752 4.497492e-14 1.759601e-14
753 4.366674e-14 1.658736e-14
754 4.497466e-14 1.759598e-14
755 4.366650e-14 1.658733e-14
756 4.497441e-14 1.759596e-14
757 4.366625e-14 1.658731e-14
758 4.497416e-14 1.759593e-14
759 4.366601e-14 1.658728e-14
760 4.497391e-14 1.759590e-14
761 4.366577e-14 1.658726e-14
762 4.497366e-14 1.759587e-14
763 4.366554e-14 1.658723e-14
764 4.497341e-14 1.759584e-14
765 4.366530e-14 1.658721e-14
766 4.497317e-14 1.759581e-14
767 4.366507e-14 1.658718e-14
768 4.497293e-14 1.759579e-14
769 4.366484e-14 1.658716e-14
770 4.497269e-14 1.759576e-14
771 4.366461e-14 1.658713e-14
772 4.497245e-14 1.759573e-14
773 4.366438e-14 1.658711e-14
774 4.497222e-14 1.759570e-14
775 4.366416e-14 1.658708e-14
776 4.497198e-14 1.759568e-14
777 4.366393e-14 1.658706e-14
778 4.497175e-14 1.759565e-14
779 4.366371e-14 1.658704e-14
780 4.497152e-14 1.759562e-14
781 4.366349e-14 1.658701e-14
782 4.497130e-14 1.759560e-14
783 4.366327e-14 1.658699e-14
784 4.497107e-14 1.759557e-14
785 4.366306e-14 1.658697e-14
786 4.497085e-14 1.759554e-14
787 4.366284e-14 1.658694e-14
788 4.497062e-14 1.759552e-14
789 4.366263e-14 1.658692e-14
790 4.497040e-14 1.759549e-14
791 4.366242e-14 1.658690e-14
792 4.497019e-14 1.759546e-14
793 4.366221e-14 1.658687e-14
794 4.496997e-14 1.759544e-14
795 4.366200e-14 1.658685e-14
796 4.496976e-14 1.759541e-14
797 4.366180e-14 1.658683e-14
798 4.496954e-14 1.759539e-14
799 4.366159e-14 1.658680e-14
800 4.496933e-14 1.759536e-14
801 4.366139e-14 1.658678e-14
802 4.496912e-14 1.759534e-14
803 4.366119e-14 1.658676e-14
804 4.496891e-14 1.759531e-14
805 4.366099e-14 1.658674e-14
806 4.496871e-14 1.759529e-14
807 4.366079e-14 1.658672e-14
808 4.496850e-14 1.759526e-14
809 4.366059e-14 1.658669e-14
810 4.496830e-14 1.759524e-14
811 4.366040e-14 1.658667e-14
812 4.496810e-14 1.759521e-14
813 4.366021e-14 1.658665e-14
814 4.496790e-14 1.759519e-14
815 4.366002e-14 1.658663e-14
816 4.496770e-14 1.759516e-14
817 4.365983e-14 1.658661e-14
818 4.496750e-14 1.759514e-14
819 4.365964e-14 1.658658e-14
820 4.496731e-14 1.759511e-14
821 4.365945e-14 1.658656e-14
822 4.496711e-14 1.759509e-14
823 4.365926e-14 1.658654e-14
824 4.496692e-14 1.759507e-14
825 4.365908e-14 1.658652e-14
826 4.496673e-14 1.759504e-14
827 4.365890e-14 1.658650e-14
828 4.496654e-14 1.759502e-14
829 4.365872e-14 1.658648e-14
830 4.496635e-14 1.759500e-14
831 4.365854e-14 1.658646e-14
832 4.496617e-14 1.759497e-14
833 4.365836e-14 1.658644e-14
834 4.496598e-14 1.759495e-14
835 4.365818e-14 1.658642e-14
836 4.496580e-14 1.759493e-14
837 4.365800e-14 1.658640e-14
838 4.496562e-14 1.759490e-14
839 4.365783e-14 1.658638e-14
840 4.496544e-14 1.759488e-14
841 4.365766e-14 1.658636e-14
842 4.496526e-14 1.759486e-14
843 4.365748e-14 1.658634e-14
844 4.496508e-14 1.759484e-14
845 4.365731e-14 1.658632e-14
846 4.496490e-14 1.759481e-14
847 4.365714e-14 1.658630e-14
848 4.496473e-14 1.759479e-14
849 4.365698e-14 1.658628e-14
850 4.496455e-14 1.759477e-14
851 4.365681e-14 1.658626e-14
852 4.496438e-14 1.759475e-14
853 4.365664e-14 1.658624e-14
854 4.496421e-14 1.759473e-14
855 4.365648e-14 1.658622e-14
856 4.496404e-14 1.759470e-14
857 4.365632e-14 1.658620e-14
858 4.496387e-14 1.759468e-14
859 4.365615e-14 1.658618e-14
860 4.496370e-14 1.759466e-14
861 4.365599e-14 1.658616e-14
862 4.496354e-14 1.759464e-14
863 4.365583e-14 1.658614e-14
864 4.496337e-14 1.759462e-14
--------------------------------------------------------------------------
mpiexec noticed that process rank 0 with PID 0 on node polus-c3-ib exited on signal 12 (User defined signal 2).
--------------------------------------------------------------------------


PS:

Read file <error_main_mpi_simple_5000_5000_1_check> for stderr output of this job.

